[gd_scene load_steps=22 format=2]

[ext_resource path="res://Street Lamp (tyrosmith)/StreetLamp.obj" type="ArrayMesh" id=1]
[ext_resource path="res://LightTop.tscn" type="PackedScene" id=2]
[ext_resource path="res://Textures/Rocky Road/aerial_asphalt_01_diff_4k.jpg" type="Texture" id=3]
[ext_resource path="res://Shaders/Backup/AnotherColoredLightPillar.gdshader" type="Shader" id=4]
[ext_resource path="res://Shaders/SubCylinder.gdshader" type="Shader" id=5]
[ext_resource path="res://Shaders/ColoredLightPillar.gdshader" type="Shader" id=6]
[ext_resource path="res://IceFog.tscn" type="PackedScene" id=7]
[ext_resource path="res://Street Lamp (tyrosmith)/grey-concrete-texture.jpg" type="Texture" id=8]

[sub_resource type="ShaderMaterial" id=6]
shader = ExtResource( 5 )
shader_param/lightDirection = Vector3( 0, 1, 0 )

[sub_resource type="CubeMesh" id=7]
material = SubResource( 6 )
size = Vector3( 5, 100, 5 )

[sub_resource type="Environment" id=13]
background_mode = 1
background_color = Color( 0.0313726, 0.0666667, 0.184314, 1 )
ambient_light_color = Color( 0.368627, 0.368627, 0.368627, 1 )
fog_enabled = true
fog_color = Color( 0.819608, 0.65098, 0.321569, 0.784314 )
fog_depth_begin = 25.0
fog_depth_end = 1000.0
fog_depth_curve = 0.757858

[sub_resource type="SpatialMaterial" id=21]
albedo_texture = ExtResource( 8 )
refraction_enabled = true
refraction_scale = 0.05
refraction_texture_channel = 0

[sub_resource type="QuadMesh" id=20]
material = SubResource( 21 )
size = Vector2( 25, 250 )

[sub_resource type="SpatialMaterial" id=14]
albedo_color = Color( 0.862745, 0.752941, 0.380392, 1 )

[sub_resource type="SpatialMaterial" id=15]
albedo_color = Color( 0.627451, 0.627451, 0.627451, 1 )

[sub_resource type="SpatialMaterial" id=16]
albedo_color = Color( 0.545098, 0.490196, 0.490196, 1 )

[sub_resource type="CubeMesh" id=17]
size = Vector3( 2, 100, 2 )

[sub_resource type="ShaderMaterial" id=18]
shader = ExtResource( 6 )

[sub_resource type="ShaderMaterial" id=19]
shader = ExtResource( 4 )

[sub_resource type="QuadMesh" id=1]
size = Vector2( 2500, 2500 )

[sub_resource type="SpatialMaterial" id=2]
albedo_texture = ExtResource( 3 )
metallic = 0.6
emission_enabled = true
emission = Color( 0, 0, 0, 1 )
emission_energy = 1.0
emission_operator = 0
emission_on_uv2 = false
normal_enabled = true
normal_scale = 1.0
depth_enabled = true
depth_scale = 0.05
depth_deep_parallax = false
depth_flip_tangent = false
depth_flip_binormal = false

[node name="Alaska" type="Spatial"]

[node name="RaytraceProxy" type="CSGMesh" parent="."]
transform = Transform( 1, -1.94996e-09, -4.00178e-11, 3.12866e-10, 1, -1.01328e-06, -6.03904e-10, -1.01328e-06, 0.999998, 15.036, -0.204072, 0.811441 )
mesh = SubResource( 7 )

[node name="Camera" type="Camera" parent="."]
transform = Transform( -4.37114e-08, 0, 1, 0, 1, 0, -1, 0, -4.37114e-08, 100, 10, 0 )

[node name="Fairbanks" type="WorldEnvironment" parent="."]
environment = SubResource( 13 )

[node name="Ice Fog" parent="Fairbanks" instance=ExtResource( 7 )]
transform = Transform( 1, 0, 0, 0, 1, 0, 0, 0, 1, 10, 5, 9.24179 )

[node name="Road" type="CSGMesh" parent="Fairbanks/Ice Fog"]
transform = Transform( 1.99572, 0, 0, 0, -1.74471e-07, 0.997858, 0, -3.99143, -4.36177e-08, -10, -5, -9.24179 )
mesh = SubResource( 20 )

[node name="Highway Lamp Post" type="MeshInstance" parent="Fairbanks"]
transform = Transform( 2, 0, 0, 0, 2, 0, 0, 0, 2, 0, -1, 0 )
mesh = ExtResource( 1 )
skeleton = NodePath("../..")
material/0 = SubResource( 14 )
material/1 = SubResource( 15 )
material/2 = SubResource( 15 )
material/3 = SubResource( 15 )
material/4 = SubResource( 15 )
material/5 = SubResource( 16 )

[node name="Halogen Bulb" parent="Fairbanks/Highway Lamp Post" instance=ExtResource( 2 )]
transform = Transform( 0.999999, -0.00077494, 7.12379e-05, 0.000498605, 0.708306, 0.705905, -0.000597483, -0.705907, 0.708306, 5.18354, 6.693, 1.38858 )

[node name="LED Lighting" type="CSGMesh" parent="Fairbanks"]
transform = Transform( 1, 0, 0, 0, 1, 0, 0, 0, 1, 0, 0, 25 )
mesh = SubResource( 17 )
material = SubResource( 18 )

[node name="Street Lighting" type="Spatial" parent="Fairbanks"]

[node name="Highway Lamp Post 2" type="MeshInstance" parent="Fairbanks/Street Lighting"]
transform = Transform( 2, 0, 0, 0, 2, 0, 0, 0, 2, 0, -1, 50 )
mesh = ExtResource( 1 )
skeleton = NodePath("../../..")
material/0 = SubResource( 14 )
material/1 = SubResource( 15 )
material/2 = SubResource( 15 )
material/3 = SubResource( 15 )
material/4 = SubResource( 15 )
material/5 = SubResource( 16 )

[node name="Halogen Bulb" parent="Fairbanks/Street Lighting/Highway Lamp Post 2" instance=ExtResource( 2 )]
transform = Transform( 0.999999, -0.00077494, 7.12379e-05, 0.000498605, 0.708306, 0.705905, -0.000597483, -0.705907, 0.708306, 5.18354, 6.693, 1.38858 )

[node name="Highway Lamp Post 3" type="MeshInstance" parent="Fairbanks/Street Lighting"]
transform = Transform( 2, 0, 0, 0, 2, 0, 0, 0, 2, 0, -1, -50 )
mesh = ExtResource( 1 )
skeleton = NodePath("../../..")
material/0 = SubResource( 14 )
material/1 = SubResource( 15 )
material/2 = SubResource( 15 )
material/3 = SubResource( 15 )
material/4 = SubResource( 15 )
material/5 = SubResource( 16 )

[node name="Halogen Bulb" parent="Fairbanks/Street Lighting/Highway Lamp Post 3" instance=ExtResource( 2 )]
transform = Transform( 0.999999, -0.00077494, 7.12379e-05, 0.000498605, 0.708306, 0.705905, -0.000597483, -0.705907, 0.708306, 5.18354, 6.693, 1.38858 )

[node name="Highway Lamp Post 4" type="MeshInstance" parent="Fairbanks/Street Lighting"]
transform = Transform( 2, 0, 0, 0, 2, 0, 0, 0, 2, 0, -1, 100 )
mesh = ExtResource( 1 )
skeleton = NodePath("../../..")
material/0 = SubResource( 14 )
material/1 = SubResource( 15 )
material/2 = SubResource( 15 )
material/3 = SubResource( 15 )
material/4 = SubResource( 15 )
material/5 = SubResource( 16 )

[node name="Halogen Bulb" parent="Fairbanks/Street Lighting/Highway Lamp Post 4" instance=ExtResource( 2 )]
transform = Transform( 0.999999, -0.00077494, 7.12379e-05, 0.000498605, 0.708306, 0.705905, -0.000597483, -0.705907, 0.708306, 5.18354, 6.693, 1.38858 )

[node name="Highway Lamp Post 5" type="MeshInstance" parent="Fairbanks/Street Lighting"]
transform = Transform( 2, 0, 0, 0, 2, 0, 0, 0, 2, 0, -1, -100 )
mesh = ExtResource( 1 )
skeleton = NodePath("../../..")
material/0 = SubResource( 14 )
material/1 = SubResource( 15 )
material/2 = SubResource( 15 )
material/3 = SubResource( 15 )
material/4 = SubResource( 15 )
material/5 = SubResource( 16 )

[node name="Halogen Bulb" parent="Fairbanks/Street Lighting/Highway Lamp Post 5" instance=ExtResource( 2 )]
transform = Transform( 0.999999, -0.00077494, 7.12379e-05, 0.000498605, 0.708306, 0.705905, -0.000597483, -0.705907, 0.708306, 5.18354, 6.693, 1.38858 )

[node name="Backup LED Lighting" type="CSGMesh" parent="Fairbanks/Street Lighting"]
transform = Transform( 1, 0, 0, 0, 1, 0, 0, 0, 1, 0, 0, -25 )
mesh = SubResource( 17 )
material = SubResource( 19 )

[node name="Ground Level" type="MeshInstance" parent="."]
transform = Transform( 1, 0, 0, 0, -4.37114e-08, 1, 0, -1, -4.37114e-08, 0.00807571, -0.0368633, 0.000635147 )
mesh = SubResource( 1 )
material/0 = SubResource( 2 )
