[gd_scene load_steps=8 format=2]

[ext_resource path="res://Houseish.tscn" type="PackedScene" id=1]
[ext_resource path="res://Shake.gd" type="Script" id=2]

[sub_resource type="PlaneMesh" id=5]
size = Vector2( 100, 100 )

[sub_resource type="CylinderMesh" id=1]

[sub_resource type="PrismMesh" id=2]

[sub_resource type="SpatialMaterial" id=3]
albedo_color = Color( 0.388235, 0.729412, 0.305882, 1 )

[sub_resource type="CylinderMesh" id=4]

[node name="CoordSysTest" type="Spatial"]
transform = Transform( 1, 0, 0, 0, 1, 0, 0, 0, 1, -0.667521, -1.06074, 1.44687 )

[node name="Parent Cylinder" parent="." instance=ExtResource( 1 )]

[node name="Camera" type="Camera" parent="."]
transform = Transform( -0.862586, 0.278274, -0.422504, 0.37768, 0.909856, -0.171815, 0.336606, -0.307776, -0.889927, -1.92807, 3.00085, -6.01848 )
script = ExtResource( 2 )
angriness = 2

[node name="Ground" type="MeshInstance" parent="."]
mesh = SubResource( 5 )

[node name="Sun" type="DirectionalLight" parent="."]
transform = Transform( 1, 0, 0, 0, -4.37114e-08, 1, 0, -1, -4.37114e-08, 0, 0, 0 )
light_energy = 0.05
shadow_enabled = true

[node name="Mousehouse" type="Spatial" parent="."]
transform = Transform( 1, 0, 0, 0, 1, 0, 0, 0, 1, 5.47345, 0, 0 )

[node name="House" type="MeshInstance" parent="Mousehouse"]
transform = Transform( 1, 0, 0, 0, 0.707107, -0.707107, 0, 0.707107, 0.707107, 2, 2, 0 )
mesh = SubResource( 1 )

[node name="Roof" type="MeshInstance" parent="Mousehouse"]
transform = Transform( 1, 0, 0, 0, 0.707107, -0.707107, 0, 0.707107, 0.707107, 2, 4.00518, 2.00518 )
mesh = SubResource( 2 )
skeleton = NodePath("../House")
material/0 = SubResource( 3 )

[node name="LightTop" type="Spatial" parent="Mousehouse"]

[node name="OmniLight" type="OmniLight" parent="Mousehouse/LightTop"]
transform = Transform( 1, 0, 0, 0, 0.707107, -0.707107, 0, 0.707107, 0.707107, 2, 4.86788, 2.86788 )
shadow_enabled = true
omni_range = 5.825

[node name="Light Cap" type="MeshInstance" parent="Mousehouse/LightTop"]
transform = Transform( 0.5, 0, 0, 0, 0.0707107, -0.353554, 0, 0.0707107, 0.353554, 2, 5.53898, 3.53898 )
mesh = SubResource( 4 )
skeleton = NodePath("../../Roof")
